              precision    recall  f1-score   support

           a       1.00      1.00      1.00        10
           b       1.00      1.00      1.00        10
           c       1.00      1.00      1.00        10
           d       1.00      1.00      1.00         9
           e       1.00      0.90      0.95        10
           f       0.91      1.00      0.95        10
           g       0.89      0.80      0.84        10
           h       0.88      0.88      0.88         8
           i       0.91      1.00      0.95        10
           j       1.00      1.00      1.00        10
           k       1.00      1.00      1.00        10
           l       1.00      1.00      1.00        10
           m       1.00      1.00      1.00         9
           n       1.00      1.00      1.00        10
           o       1.00      1.00      1.00         8
           p       1.00      0.91      0.95        11
           q       1.00      0.90      0.95        10
           r       1.00      1.00      1.00        10
           s       1.00      0.90      0.95        10
           t       1.00      1.00      1.00         9
           u       0.90      1.00      0.95         9
           v       0.90      0.90      0.90        10
           w       0.91      1.00      0.95        10
           x       1.00      1.00      1.00         9
           y       1.00      1.00      1.00        11
           z       1.00      1.00      1.00         9
           0       1.00      1.00      1.00        10
           1       1.00      1.00      1.00        11
           2       1.00      1.00      1.00        10
           3       1.00      1.00      1.00        10
           4       1.00      1.00      1.00        10
           5       0.90      1.00      0.95         9
           6       1.00      1.00      1.00        10
           7       1.00      1.00      1.00        10
           8       1.00      1.00      1.00        11
           9       1.00      1.00      1.00         9

    accuracy                           0.98       352
   macro avg       0.98      0.98      0.98       352
weighted avg       0.98      0.98      0.98       352


